442		0.0	0.0	2.000	Global			
443		2.000	0.0	2.000	Global			
444		4.000	0.0	2.000	Global			
445		6.000	0.0	2.000	Global			
446		8.000	0.0	2.000	Global			
447		10.00	0.0	2.000	Global			
448		12.00	0.0	2.000	Global			
449		14.00	0.0	2.000	Global			
450		16.00	0.0	2.000	Global			
451		18.00	0.0	2.000	Global			
452		20.00	0.0	2.000	Global			
453		22.00	0.0	2.000	Global			
454		24.00	0.0	2.000	Global			
455		26.00	0.0	2.000	Global			
456		28.00	0.0	2.000	Global			
457		30.00	0.0	2.000	Global			
458		32.00	0.0	2.000	Global			
459		34.00	0.0	2.000	Global			
460		36.00	0.0	2.000	Global			
461		38.00	0.0	2.000	Global			
462		40.00	0.0	2.000	Global			
463		0.0	2.000	2.000	Global			
464		2.000	2.000	2.000	Global			
465		4.000	2.000	2.000	Global			
466		6.000	2.000	2.000	Global			
467		8.000	2.000	2.000	Global			
468		10.00	2.000	2.000	Global			
469		12.00	2.000	2.000	Global			
470		14.00	2.000	2.000	Global			
471		16.00	2.000	2.000	Global			
472		18.00	2.000	2.000	Global			
473		20.00	2.000	2.000	Global			
474		22.00	2.000	2.000	Global			
475		24.00	2.000	2.000	Global			
476		26.00	2.000	2.000	Global			
477		28.00	2.000	2.000	Global			
478		30.00	2.000	2.000	Global			
479		32.00	2.000	2.000	Global			
480		34.00	2.000	2.000	Global			
481		36.00	2.000	2.000	Global			
482		38.00	2.000	2.000	Global			
483		40.00	2.000	2.000	Global			
484		0.0	4.000	2.000	Global			
485		2.000	4.000	2.000	Global			
486		4.000	4.000	2.000	Global			
487		6.000	4.000	2.000	Global			
488		8.000	4.000	2.000	Global			
489		10.00	4.000	2.000	Global			
490		12.00	4.000	2.000	Global			
491		14.00	4.000	2.000	Global			
492		16.00	4.000	2.000	Global			
493		18.00	4.000	2.000	Global			
494		20.00	4.000	2.000	Global			
495		22.00	4.000	2.000	Global			
496		24.00	4.000	2.000	Global			
497		26.00	4.000	2.000	Global			
498		28.00	4.000	2.000	Global			
499		30.00	4.000	2.000	Global			
500		32.00	4.000	2.000	Global			
501		34.00	4.000	2.000	Global			
502		36.00	4.000	2.000	Global			
503		38.00	4.000	2.000	Global			
504		40.00	4.000	2.000	Global			
505		0.0	6.000	2.000	Global			
506		2.000	6.000	2.000	Global			
507		4.000	6.000	2.000	Global			
508		6.000	6.000	2.000	Global			
509		8.000	6.000	2.000	Global			
510		10.00	6.000	2.000	Global			
511		12.00	6.000	2.000	Global			
512		14.00	6.000	2.000	Global			
513		16.00	6.000	2.000	Global			
514		18.00	6.000	2.000	Global			
515		20.00	6.000	2.000	Global			
516		22.00	6.000	2.000	Global			
517		24.00	6.000	2.000	Global			
518		26.00	6.000	2.000	Global			
519		28.00	6.000	2.000	Global			
520		30.00	6.000	2.000	Global			
521		32.00	6.000	2.000	Global			
522		34.00	6.000	2.000	Global			
523		36.00	6.000	2.000	Global			
524		38.00	6.000	2.000	Global			
525		40.00	6.000	2.000	Global			
526		0.0	8.000	2.000	Global			
527		2.000	8.000	2.000	Global			
528		4.000	8.000	2.000	Global			
529		6.000	8.000	2.000	Global			
530		8.000	8.000	2.000	Global			
531		10.00	8.000	2.000	Global			
532		12.00	8.000	2.000	Global			
533		14.00	8.000	2.000	Global			
534		16.00	8.000	2.000	Global			
535		18.00	8.000	2.000	Global			
536		20.00	8.000	2.000	Global			
537		22.00	8.000	2.000	Global			
538		24.00	8.000	2.000	Global			
539		26.00	8.000	2.000	Global			
540		28.00	8.000	2.000	Global			
541		30.00	8.000	2.000	Global			
542		32.00	8.000	2.000	Global			
543		34.00	8.000	2.000	Global			
544		36.00	8.000	2.000	Global			
545		38.00	8.000	2.000	Global			
546		40.00	8.000	2.000	Global			
547		0.0	10.00	2.000	Global			
548		2.000	10.00	2.000	Global			
549		4.000	10.00	2.000	Global			
550		6.000	10.00	2.000	Global			
551		8.000	10.00	2.000	Global			
552		10.00	10.00	2.000	Global			
553		12.00	10.00	2.000	Global			
554		14.00	10.00	2.000	Global			
555		16.00	10.00	2.000	Global			
556		18.00	10.00	2.000	Global			
557		20.00	10.00	2.000	Global			
558		22.00	10.00	2.000	Global			
559		24.00	10.00	2.000	Global			
560		26.00	10.00	2.000	Global			
561		28.00	10.00	2.000	Global			
562		30.00	10.00	2.000	Global			
563		32.00	10.00	2.000	Global			
564		34.00	10.00	2.000	Global			
565		36.00	10.00	2.000	Global			
566		38.00	10.00	2.000	Global			
567		40.00	10.00	2.000	Global			
568		0.0	12.00	2.000	Global			
569		2.000	12.00	2.000	Global			
570		4.000	12.00	2.000	Global			
571		6.000	12.00	2.000	Global			
572		8.000	12.00	2.000	Global			
573		10.00	12.00	2.000	Global			
574		12.00	12.00	2.000	Global			
575		14.00	12.00	2.000	Global			
576		16.00	12.00	2.000	Global			
577		18.00	12.00	2.000	Global			
578		20.00	12.00	2.000	Global			
579		22.00	12.00	2.000	Global			
580		24.00	12.00	2.000	Global			
581		26.00	12.00	2.000	Global			
582		28.00	12.00	2.000	Global			
583		30.00	12.00	2.000	Global			
584		32.00	12.00	2.000	Global			
585		34.00	12.00	2.000	Global			
586		36.00	12.00	2.000	Global			
587		38.00	12.00	2.000	Global			
588		40.00	12.00	2.000	Global			
589		0.0	14.00	2.000	Global			
590		2.000	14.00	2.000	Global			
591		4.000	14.00	2.000	Global			
592		6.000	14.00	2.000	Global			
593		8.000	14.00	2.000	Global			
594		10.00	14.00	2.000	Global			
595		12.00	14.00	2.000	Global			
596		14.00	14.00	2.000	Global			
597		16.00	14.00	2.000	Global			
598		18.00	14.00	2.000	Global			
599		20.00	14.00	2.000	Global			
600		22.00	14.00	2.000	Global			
601		24.00	14.00	2.000	Global			
602		26.00	14.00	2.000	Global			
603		28.00	14.00	2.000	Global			
604		30.00	14.00	2.000	Global			
605		32.00	14.00	2.000	Global			
606		34.00	14.00	2.000	Global			
607		36.00	14.00	2.000	Global			
608		38.00	14.00	2.000	Global			
609		40.00	14.00	2.000	Global			
610		0.0	16.00	2.000	Global			
611		2.000	16.00	2.000	Global			
612		4.000	16.00	2.000	Global			
613		6.000	16.00	2.000	Global			
614		8.000	16.00	2.000	Global			
615		10.00	16.00	2.000	Global			
616		12.00	16.00	2.000	Global			
617		14.00	16.00	2.000	Global			
618		16.00	16.00	2.000	Global			
619		18.00	16.00	2.000	Global			
620		20.00	16.00	2.000	Global			
621		22.00	16.00	2.000	Global			
622		24.00	16.00	2.000	Global			
623		26.00	16.00	2.000	Global			
624		28.00	16.00	2.000	Global			
625		30.00	16.00	2.000	Global			
626		32.00	16.00	2.000	Global			
627		34.00	16.00	2.000	Global			
628		36.00	16.00	2.000	Global			
629		38.00	16.00	2.000	Global			
630		40.00	16.00	2.000	Global			
631		0.0	18.00	2.000	Global			
632		2.000	18.00	2.000	Global			
633		4.000	18.00	2.000	Global			
634		6.000	18.00	2.000	Global			
635		8.000	18.00	2.000	Global			
636		10.00	18.00	2.000	Global			
637		12.00	18.00	2.000	Global			
638		14.00	18.00	2.000	Global			
639		16.00	18.00	2.000	Global			
640		18.00	18.00	2.000	Global			
641		20.00	18.00	2.000	Global			
642		22.00	18.00	2.000	Global			
643		24.00	18.00	2.000	Global			
644		26.00	18.00	2.000	Global			
645		28.00	18.00	2.000	Global			
646		30.00	18.00	2.000	Global			
647		32.00	18.00	2.000	Global			
648		34.00	18.00	2.000	Global			
649		36.00	18.00	2.000	Global			
650		38.00	18.00	2.000	Global			
651		40.00	18.00	2.000	Global			
652		0.0	20.00	2.000	Global			
653		2.000	20.00	2.000	Global			
654		4.000	20.00	2.000	Global			
655		6.000	20.00	2.000	Global			
656		8.000	20.00	2.000	Global			
657		10.00	20.00	2.000	Global			
658		12.00	20.00	2.000	Global			
659		14.00	20.00	2.000	Global			
660		16.00	20.00	2.000	Global			
661		18.00	20.00	2.000	Global			
662		20.00	20.00	2.000	Global			
663		22.00	20.00	2.000	Global			
664		24.00	20.00	2.000	Global			
665		26.00	20.00	2.000	Global			
666		28.00	20.00	2.000	Global			
667		30.00	20.00	2.000	Global			
668		32.00	20.00	2.000	Global			
669		34.00	20.00	2.000	Global			
670		36.00	20.00	2.000	Global			
671		38.00	20.00	2.000	Global			
672		40.00	20.00	2.000	Global			
673		0.0	22.00	2.000	Global			
674		2.000	22.00	2.000	Global			
675		4.000	22.00	2.000	Global			
676		6.000	22.00	2.000	Global			
677		8.000	22.00	2.000	Global			
678		10.00	22.00	2.000	Global			
679		12.00	22.00	2.000	Global			
680		14.00	22.00	2.000	Global			
681		16.00	22.00	2.000	Global			
682		18.00	22.00	2.000	Global			
683		20.00	22.00	2.000	Global			
684		22.00	22.00	2.000	Global			
685		24.00	22.00	2.000	Global			
686		26.00	22.00	2.000	Global			
687		28.00	22.00	2.000	Global			
688		30.00	22.00	2.000	Global			
689		32.00	22.00	2.000	Global			
690		34.00	22.00	2.000	Global			
691		36.00	22.00	2.000	Global			
692		38.00	22.00	2.000	Global			
693		40.00	22.00	2.000	Global			
694		0.0	24.00	2.000	Global			
695		2.000	24.00	2.000	Global			
696		4.000	24.00	2.000	Global			
697		6.000	24.00	2.000	Global			
698		8.000	24.00	2.000	Global			
699		10.00	24.00	2.000	Global			
700		12.00	24.00	2.000	Global			
701		14.00	24.00	2.000	Global			
702		16.00	24.00	2.000	Global			
703		18.00	24.00	2.000	Global			
704		20.00	24.00	2.000	Global			
705		22.00	24.00	2.000	Global			
706		24.00	24.00	2.000	Global			
707		26.00	24.00	2.000	Global			
708		28.00	24.00	2.000	Global			
709		30.00	24.00	2.000	Global			
710		32.00	24.00	2.000	Global			
711		34.00	24.00	2.000	Global			
712		36.00	24.00	2.000	Global			
713		38.00	24.00	2.000	Global			
714		40.00	24.00	2.000	Global			
715		0.0	26.00	2.000	Global			
716		2.000	26.00	2.000	Global			
717		4.000	26.00	2.000	Global			
718		6.000	26.00	2.000	Global			
719		8.000	26.00	2.000	Global			
720		10.00	26.00	2.000	Global			
721		12.00	26.00	2.000	Global			
722		14.00	26.00	2.000	Global			
723		16.00	26.00	2.000	Global			
724		18.00	26.00	2.000	Global			
725		20.00	26.00	2.000	Global			
726		22.00	26.00	2.000	Global			
727		24.00	26.00	2.000	Global			
728		26.00	26.00	2.000	Global			
729		28.00	26.00	2.000	Global			
730		30.00	26.00	2.000	Global			
731		32.00	26.00	2.000	Global			
732		34.00	26.00	2.000	Global			
733		36.00	26.00	2.000	Global			
734		38.00	26.00	2.000	Global			
735		40.00	26.00	2.000	Global			
736		0.0	28.00	2.000	Global			
737		2.000	28.00	2.000	Global			
738		4.000	28.00	2.000	Global			
739		6.000	28.00	2.000	Global			
740		8.000	28.00	2.000	Global			
741		10.00	28.00	2.000	Global			
742		12.00	28.00	2.000	Global			
743		14.00	28.00	2.000	Global			
744		16.00	28.00	2.000	Global			
745		18.00	28.00	2.000	Global			
746		20.00	28.00	2.000	Global			
747		22.00	28.00	2.000	Global			
748		24.00	28.00	2.000	Global			
749		26.00	28.00	2.000	Global			
750		28.00	28.00	2.000	Global			
751		30.00	28.00	2.000	Global			
752		32.00	28.00	2.000	Global			
753		34.00	28.00	2.000	Global			
754		36.00	28.00	2.000	Global			
755		38.00	28.00	2.000	Global			
756		40.00	28.00	2.000	Global			
757		0.0	30.00	2.000	Global			
758		2.000	30.00	2.000	Global			
759		4.000	30.00	2.000	Global			
760		6.000	30.00	2.000	Global			
761		8.000	30.00	2.000	Global			
762		10.00	30.00	2.000	Global			
763		12.00	30.00	2.000	Global			
764		14.00	30.00	2.000	Global			
765		16.00	30.00	2.000	Global			
766		18.00	30.00	2.000	Global			
767		20.00	30.00	2.000	Global			
768		22.00	30.00	2.000	Global			
769		24.00	30.00	2.000	Global			
770		26.00	30.00	2.000	Global			
771		28.00	30.00	2.000	Global			
772		30.00	30.00	2.000	Global			
773		32.00	30.00	2.000	Global			
774		34.00	30.00	2.000	Global			
775		36.00	30.00	2.000	Global			
776		38.00	30.00	2.000	Global			
777		40.00	30.00	2.000	Global			
778		0.0	32.00	2.000	Global			
779		2.000	32.00	2.000	Global			
780		4.000	32.00	2.000	Global			
781		6.000	32.00	2.000	Global			
782		8.000	32.00	2.000	Global			
783		10.00	32.00	2.000	Global			
784		12.00	32.00	2.000	Global			
785		14.00	32.00	2.000	Global			
786		16.00	32.00	2.000	Global			
787		18.00	32.00	2.000	Global			
788		20.00	32.00	2.000	Global			
789		22.00	32.00	2.000	Global			
790		24.00	32.00	2.000	Global			
791		26.00	32.00	2.000	Global			
792		28.00	32.00	2.000	Global			
793		30.00	32.00	2.000	Global			
794		32.00	32.00	2.000	Global			
795		34.00	32.00	2.000	Global			
796		36.00	32.00	2.000	Global			
797		38.00	32.00	2.000	Global			
798		40.00	32.00	2.000	Global			
799		0.0	34.00	2.000	Global			
800		2.000	34.00	2.000	Global			
801		4.000	34.00	2.000	Global			
802		6.000	34.00	2.000	Global			
803		8.000	34.00	2.000	Global			
804		10.00	34.00	2.000	Global			
805		12.00	34.00	2.000	Global			
806		14.00	34.00	2.000	Global			
807		16.00	34.00	2.000	Global			
808		18.00	34.00	2.000	Global			
809		20.00	34.00	2.000	Global			
810		22.00	34.00	2.000	Global			
811		24.00	34.00	2.000	Global			
812		26.00	34.00	2.000	Global			
813		28.00	34.00	2.000	Global			
814		30.00	34.00	2.000	Global			
815		32.00	34.00	2.000	Global			
816		34.00	34.00	2.000	Global			
817		36.00	34.00	2.000	Global			
818		38.00	34.00	2.000	Global			
819		40.00	34.00	2.000	Global			
820		0.0	36.00	2.000	Global			
821		2.000	36.00	2.000	Global			
822		4.000	36.00	2.000	Global			
823		6.000	36.00	2.000	Global			
824		8.000	36.00	2.000	Global			
825		10.00	36.00	2.000	Global			
826		12.00	36.00	2.000	Global			
827		14.00	36.00	2.000	Global			
828		16.00	36.00	2.000	Global			
829		18.00	36.00	2.000	Global			
830		20.00	36.00	2.000	Global			
831		22.00	36.00	2.000	Global			
832		24.00	36.00	2.000	Global			
833		26.00	36.00	2.000	Global			
834		28.00	36.00	2.000	Global			
835		30.00	36.00	2.000	Global			
836		32.00	36.00	2.000	Global			
837		34.00	36.00	2.000	Global			
838		36.00	36.00	2.000	Global			
839		38.00	36.00	2.000	Global			
840		40.00	36.00	2.000	Global			
841		0.0	38.00	2.000	Global			
842		2.000	38.00	2.000	Global			
843		4.000	38.00	2.000	Global			
844		6.000	38.00	2.000	Global			
845		8.000	38.00	2.000	Global			
846		10.00	38.00	2.000	Global			
847		12.00	38.00	2.000	Global			
848		14.00	38.00	2.000	Global			
849		16.00	38.00	2.000	Global			
850		18.00	38.00	2.000	Global			
851		20.00	38.00	2.000	Global			
852		22.00	38.00	2.000	Global			
853		24.00	38.00	2.000	Global			
854		26.00	38.00	2.000	Global			
855		28.00	38.00	2.000	Global			
856		30.00	38.00	2.000	Global			
857		32.00	38.00	2.000	Global			
858		34.00	38.00	2.000	Global			
859		36.00	38.00	2.000	Global			
860		38.00	38.00	2.000	Global			
861		40.00	38.00	2.000	Global			
862		0.0	40.00	2.000	Global			
863		2.000	40.00	2.000	Global			
864		4.000	40.00	2.000	Global			
865		6.000	40.00	2.000	Global			
866		8.000	40.00	2.000	Global			
867		10.00	40.00	2.000	Global			
868		12.00	40.00	2.000	Global			
869		14.00	40.00	2.000	Global			
870		16.00	40.00	2.000	Global			
871		18.00	40.00	2.000	Global			
872		20.00	40.00	2.000	Global			
873		22.00	40.00	2.000	Global			
874		24.00	40.00	2.000	Global			
875		26.00	40.00	2.000	Global			
876		28.00	40.00	2.000	Global			
877		30.00	40.00	2.000	Global			
878		32.00	40.00	2.000	Global			
879		34.00	40.00	2.000	Global			
880		36.00	40.00	2.000	Global			
881		38.00	40.00	2.000	Global			
882		40.00	40.00	2.000	Global			
883		0.0	0.0	4.000	Global			
884		2.000	0.0	4.000	Global			
885		4.000	0.0	4.000	Global			
886		6.000	0.0	4.000	Global			
887		8.000	0.0	4.000	Global			
888		10.00	0.0	4.000	Global			
889		12.00	0.0	4.000	Global			
890		14.00	0.0	4.000	Global			
891		16.00	0.0	4.000	Global			
892		18.00	0.0	4.000	Global			
893		20.00	0.0	4.000	Global			
894		22.00	0.0	4.000	Global			
895		24.00	0.0	4.000	Global			
896		26.00	0.0	4.000	Global			
897		28.00	0.0	4.000	Global			
898		30.00	0.0	4.000	Global			
899		32.00	0.0	4.000	Global			
900		34.00	0.0	4.000	Global			
901		36.00	0.0	4.000	Global			
902		38.00	0.0	4.000	Global			
903		40.00	0.0	4.000	Global			
904		0.0	2.000	4.000	Global			
905		2.000	2.000	4.000	Global			
906		4.000	2.000	4.000	Global			
907		6.000	2.000	4.000	Global			
908		8.000	2.000	4.000	Global			
909		10.00	2.000	4.000	Global			
910		12.00	2.000	4.000	Global			
911		14.00	2.000	4.000	Global			
912		16.00	2.000	4.000	Global			
913		18.00	2.000	4.000	Global			
914		20.00	2.000	4.000	Global			
915		22.00	2.000	4.000	Global			
916		24.00	2.000	4.000	Global			
917		26.00	2.000	4.000	Global			
918		28.00	2.000	4.000	Global			
919		30.00	2.000	4.000	Global			
920		32.00	2.000	4.000	Global			
921		34.00	2.000	4.000	Global			
922		36.00	2.000	4.000	Global			
923		38.00	2.000	4.000	Global			
924		40.00	2.000	4.000	Global			
925		0.0	4.000	4.000	Global			
926		2.000	4.000	4.000	Global			
927		4.000	4.000	4.000	Global			
928		6.000	4.000	4.000	Global			
929		8.000	4.000	4.000	Global			
930		10.00	4.000	4.000	Global			
931		12.00	4.000	4.000	Global			
932		14.00	4.000	4.000	Global			
933		16.00	4.000	4.000	Global			
934		18.00	4.000	4.000	Global			
935		20.00	4.000	4.000	Global			
936		22.00	4.000	4.000	Global			
937		24.00	4.000	4.000	Global			
938		26.00	4.000	4.000	Global			
939		28.00	4.000	4.000	Global			
940		30.00	4.000	4.000	Global			
941		32.00	4.000	4.000	Global			
942		34.00	4.000	4.000	Global			
943		36.00	4.000	4.000	Global			
944		38.00	4.000	4.000	Global			
945		40.00	4.000	4.000	Global			
946		0.0	6.000	4.000	Global			
947		2.000	6.000	4.000	Global			
948		4.000	6.000	4.000	Global			
949		6.000	6.000	4.000	Global			
950		8.000	6.000	4.000	Global			
951		10.00	6.000	4.000	Global			
952		12.00	6.000	4.000	Global			
953		14.00	6.000	4.000	Global			
954		16.00	6.000	4.000	Global			
955		18.00	6.000	4.000	Global			
956		20.00	6.000	4.000	Global			
957		22.00	6.000	4.000	Global			
958		24.00	6.000	4.000	Global			
959		26.00	6.000	4.000	Global			
960		28.00	6.000	4.000	Global			
961		30.00	6.000	4.000	Global			
962		32.00	6.000	4.000	Global			
963		34.00	6.000	4.000	Global			
964		36.00	6.000	4.000	Global			
965		38.00	6.000	4.000	Global			
966		40.00	6.000	4.000	Global			
967		0.0	8.000	4.000	Global			
968		2.000	8.000	4.000	Global			
969		4.000	8.000	4.000	Global			
970		6.000	8.000	4.000	Global			
971		8.000	8.000	4.000	Global			
972		10.00	8.000	4.000	Global			
973		12.00	8.000	4.000	Global			
974		14.00	8.000	4.000	Global			
975		16.00	8.000	4.000	Global			
976		18.00	8.000	4.000	Global			
977		20.00	8.000	4.000	Global			
978		22.00	8.000	4.000	Global			
979		24.00	8.000	4.000	Global			
980		26.00	8.000	4.000	Global			
981		28.00	8.000	4.000	Global			
982		30.00	8.000	4.000	Global			
983		32.00	8.000	4.000	Global			
984		34.00	8.000	4.000	Global			
985		36.00	8.000	4.000	Global			
986		38.00	8.000	4.000	Global			
987		40.00	8.000	4.000	Global			
988		0.0	10.00	4.000	Global			
989		2.000	10.00	4.000	Global			
990		4.000	10.00	4.000	Global			
991		6.000	10.00	4.000	Global			
992		8.000	10.00	4.000	Global			
993		10.00	10.00	4.000	Global			
994		12.00	10.00	4.000	Global			
995		14.00	10.00	4.000	Global			
996		16.00	10.00	4.000	Global			
997		18.00	10.00	4.000	Global			
998		20.00	10.00	4.000	Global			
999		22.00	10.00	4.000	Global			
1000		24.00	10.00	4.000	Global			
1001		26.00	10.00	4.000	Global			
1002		28.00	10.00	4.000	Global			
1003		30.00	10.00	4.000	Global			
1004		32.00	10.00	4.000	Global			
1005		34.00	10.00	4.000	Global			
1006		36.00	10.00	4.000	Global			
1007		38.00	10.00	4.000	Global			
1008		40.00	10.00	4.000	Global			
1009		0.0	12.00	4.000	Global			
1010		2.000	12.00	4.000	Global			
1011		4.000	12.00	4.000	Global			
1012		6.000	12.00	4.000	Global			
1013		8.000	12.00	4.000	Global			
1014		10.00	12.00	4.000	Global			
1015		12.00	12.00	4.000	Global			
1016		14.00	12.00	4.000	Global			
1017		16.00	12.00	4.000	Global			
1018		18.00	12.00	4.000	Global			
1019		20.00	12.00	4.000	Global			
1020		22.00	12.00	4.000	Global			
1021		24.00	12.00	4.000	Global			
1022		26.00	12.00	4.000	Global			
1023		28.00	12.00	4.000	Global			
1024		30.00	12.00	4.000	Global			
1025		32.00	12.00	4.000	Global			
1026		34.00	12.00	4.000	Global			
1027		36.00	12.00	4.000	Global			
1028		38.00	12.00	4.000	Global			
1029		40.00	12.00	4.000	Global			
1030		0.0	14.00	4.000	Global			
1031		2.000	14.00	4.000	Global			
1032		4.000	14.00	4.000	Global			
1033		6.000	14.00	4.000	Global			
1034		8.000	14.00	4.000	Global			
1035		10.00	14.00	4.000	Global			
1036		12.00	14.00	4.000	Global			
1037		14.00	14.00	4.000	Global			
1038		16.00	14.00	4.000	Global			
1039		18.00	14.00	4.000	Global			
1040		20.00	14.00	4.000	Global			
1041		22.00	14.00	4.000	Global			
1042		24.00	14.00	4.000	Global			
1043		26.00	14.00	4.000	Global			
1044		28.00	14.00	4.000	Global			
1045		30.00	14.00	4.000	Global			
1046		32.00	14.00	4.000	Global			
1047		34.00	14.00	4.000	Global			
1048		36.00	14.00	4.000	Global			
1049		38.00	14.00	4.000	Global			
1050		40.00	14.00	4.000	Global			
1051		0.0	16.00	4.000	Global			
1052		2.000	16.00	4.000	Global			
1053		4.000	16.00	4.000	Global			
1054		6.000	16.00	4.000	Global			
1055		8.000	16.00	4.000	Global			
1056		10.00	16.00	4.000	Global			
1057		12.00	16.00	4.000	Global			
1058		14.00	16.00	4.000	Global			
1059		16.00	16.00	4.000	Global			
1060		18.00	16.00	4.000	Global			
1061		20.00	16.00	4.000	Global			
1062		22.00	16.00	4.000	Global			
1063		24.00	16.00	4.000	Global			
1064		26.00	16.00	4.000	Global			
1065		28.00	16.00	4.000	Global			
1066		30.00	16.00	4.000	Global			
1067		32.00	16.00	4.000	Global			
1068		34.00	16.00	4.000	Global			
1069		36.00	16.00	4.000	Global			
1070		38.00	16.00	4.000	Global			
1071		40.00	16.00	4.000	Global			
1072		0.0	18.00	4.000	Global			
1073		2.000	18.00	4.000	Global			
1074		4.000	18.00	4.000	Global			
1075		6.000	18.00	4.000	Global			
1076		8.000	18.00	4.000	Global			
1077		10.00	18.00	4.000	Global			
1078		12.00	18.00	4.000	Global			
1079		14.00	18.00	4.000	Global			
1080		16.00	18.00	4.000	Global			
1081		18.00	18.00	4.000	Global			
1082		20.00	18.00	4.000	Global			
1083		22.00	18.00	4.000	Global			
1084		24.00	18.00	4.000	Global			
1085		26.00	18.00	4.000	Global			
1086		28.00	18.00	4.000	Global			
1087		30.00	18.00	4.000	Global			
1088		32.00	18.00	4.000	Global			
1089		34.00	18.00	4.000	Global			
1090		36.00	18.00	4.000	Global			
1091		38.00	18.00	4.000	Global			
1092		40.00	18.00	4.000	Global			
1093		0.0	20.00	4.000	Global			
1094		2.000	20.00	4.000	Global			
1095		4.000	20.00	4.000	Global			
1096		6.000	20.00	4.000	Global			
1097		8.000	20.00	4.000	Global			
1098		10.00	20.00	4.000	Global			
1099		12.00	20.00	4.000	Global			
1100		14.00	20.00	4.000	Global			
1101		16.00	20.00	4.000	Global			
1102		18.00	20.00	4.000	Global			
1103		20.00	20.00	4.000	Global			
1104		22.00	20.00	4.000	Global			
1105		24.00	20.00	4.000	Global			
1106		26.00	20.00	4.000	Global			
1107		28.00	20.00	4.000	Global			
1108		30.00	20.00	4.000	Global			
1109		32.00	20.00	4.000	Global			
1110		34.00	20.00	4.000	Global			
1111		36.00	20.00	4.000	Global			
1112		38.00	20.00	4.000	Global			
1113		40.00	20.00	4.000	Global			
1114		0.0	22.00	4.000	Global			
1115		2.000	22.00	4.000	Global			
1116		4.000	22.00	4.000	Global			
1117		6.000	22.00	4.000	Global			
1118		8.000	22.00	4.000	Global			
1119		10.00	22.00	4.000	Global			
1120		12.00	22.00	4.000	Global			
1121		14.00	22.00	4.000	Global			
1122		16.00	22.00	4.000	Global			
1123		18.00	22.00	4.000	Global			
1124		20.00	22.00	4.000	Global			
1125		22.00	22.00	4.000	Global			
1126		24.00	22.00	4.000	Global			
1127		26.00	22.00	4.000	Global			
1128		28.00	22.00	4.000	Global			
1129		30.00	22.00	4.000	Global			
1130		32.00	22.00	4.000	Global			
1131		34.00	22.00	4.000	Global			
1132		36.00	22.00	4.000	Global			
1133		38.00	22.00	4.000	Global			
1134		40.00	22.00	4.000	Global			
1135		0.0	24.00	4.000	Global			
1136		2.000	24.00	4.000	Global			
1137		4.000	24.00	4.000	Global			
1138		6.000	24.00	4.000	Global			
1139		8.000	24.00	4.000	Global			
1140		10.00	24.00	4.000	Global			
1141		12.00	24.00	4.000	Global			
1142		14.00	24.00	4.000	Global			
1143		16.00	24.00	4.000	Global			
1144		18.00	24.00	4.000	Global			
1145		20.00	24.00	4.000	Global			
1146		22.00	24.00	4.000	Global			
1147		24.00	24.00	4.000	Global			
1148		26.00	24.00	4.000	Global			
1149		28.00	24.00	4.000	Global			
1150		30.00	24.00	4.000	Global			
1151		32.00	24.00	4.000	Global			
1152		34.00	24.00	4.000	Global			
1153		36.00	24.00	4.000	Global			
1154		38.00	24.00	4.000	Global			
1155		40.00	24.00	4.000	Global			
1156		0.0	26.00	4.000	Global			
1157		2.000	26.00	4.000	Global			
1158		4.000	26.00	4.000	Global			
1159		6.000	26.00	4.000	Global			
1160		8.000	26.00	4.000	Global			
1161		10.00	26.00	4.000	Global			
1162		12.00	26.00	4.000	Global			
1163		14.00	26.00	4.000	Global			
1164		16.00	26.00	4.000	Global			
1165		18.00	26.00	4.000	Global			
1166		20.00	26.00	4.000	Global			
1167		22.00	26.00	4.000	Global			
1168		24.00	26.00	4.000	Global			
1169		26.00	26.00	4.000	Global			
1170		28.00	26.00	4.000	Global			
1171		30.00	26.00	4.000	Global			
1172		32.00	26.00	4.000	Global			
1173		34.00	26.00	4.000	Global			
1174		36.00	26.00	4.000	Global			
1175		38.00	26.00	4.000	Global			
1176		40.00	26.00	4.000	Global			
1177		0.0	28.00	4.000	Global			
1178		2.000	28.00	4.000	Global			
1179		4.000	28.00	4.000	Global			
1180		6.000	28.00	4.000	Global			
1181		8.000	28.00	4.000	Global			
1182		10.00	28.00	4.000	Global			
1183		12.00	28.00	4.000	Global			
1184		14.00	28.00	4.000	Global			
1185		16.00	28.00	4.000	Global			
1186		18.00	28.00	4.000	Global			
1187		20.00	28.00	4.000	Global			
1188		22.00	28.00	4.000	Global			
1189		24.00	28.00	4.000	Global			
1190		26.00	28.00	4.000	Global			
1191		28.00	28.00	4.000	Global			
1192		30.00	28.00	4.000	Global			
1193		32.00	28.00	4.000	Global			
1194		34.00	28.00	4.000	Global			
1195		36.00	28.00	4.000	Global			
1196		38.00	28.00	4.000	Global			
1197		40.00	28.00	4.000	Global			
1198		0.0	30.00	4.000	Global			
1199		2.000	30.00	4.000	Global			
1200		4.000	30.00	4.000	Global			
1201		6.000	30.00	4.000	Global			
1202		8.000	30.00	4.000	Global			
1203		10.00	30.00	4.000	Global			
1204		12.00	30.00	4.000	Global			
1205		14.00	30.00	4.000	Global			
1206		16.00	30.00	4.000	Global			
1207		18.00	30.00	4.000	Global			
1208		20.00	30.00	4.000	Global			
1209		22.00	30.00	4.000	Global			
1210		24.00	30.00	4.000	Global			
1211		26.00	30.00	4.000	Global			
1212		28.00	30.00	4.000	Global			
1213		30.00	30.00	4.000	Global			
1214		32.00	30.00	4.000	Global			
1215		34.00	30.00	4.000	Global			
1216		36.00	30.00	4.000	Global			
1217		38.00	30.00	4.000	Global			
1218		40.00	30.00	4.000	Global			
1219		0.0	32.00	4.000	Global			
1220		2.000	32.00	4.000	Global			
1221		4.000	32.00	4.000	Global			
1222		6.000	32.00	4.000	Global			
1223		8.000	32.00	4.000	Global			
1224		10.00	32.00	4.000	Global			
1225		12.00	32.00	4.000	Global			
1226		14.00	32.00	4.000	Global			
1227		16.00	32.00	4.000	Global			
1228		18.00	32.00	4.000	Global			
1229		20.00	32.00	4.000	Global			
1230		22.00	32.00	4.000	Global			
1231		24.00	32.00	4.000	Global			
1232		26.00	32.00	4.000	Global			
1233		28.00	32.00	4.000	Global			
1234		30.00	32.00	4.000	Global			
1235		32.00	32.00	4.000	Global			
1236		34.00	32.00	4.000	Global			
1237		36.00	32.00	4.000	Global			
1238		38.00	32.00	4.000	Global			
1239		40.00	32.00	4.000	Global			
1240		0.0	34.00	4.000	Global			
1241		2.000	34.00	4.000	Global			
1242		4.000	34.00	4.000	Global			
1243		6.000	34.00	4.000	Global			
1244		8.000	34.00	4.000	Global			
1245		10.00	34.00	4.000	Global			
1246		12.00	34.00	4.000	Global			
1247		14.00	34.00	4.000	Global			
1248		16.00	34.00	4.000	Global			
1249		18.00	34.00	4.000	Global			
1250		20.00	34.00	4.000	Global			
1251		22.00	34.00	4.000	Global			
1252		24.00	34.00	4.000	Global			
1253		26.00	34.00	4.000	Global			
1254		28.00	34.00	4.000	Global			
1255		30.00	34.00	4.000	Global			
1256		32.00	34.00	4.000	Global			
1257		34.00	34.00	4.000	Global			
1258		36.00	34.00	4.000	Global			
1259		38.00	34.00	4.000	Global			
1260		40.00	34.00	4.000	Global			
1261		0.0	36.00	4.000	Global			
1262		2.000	36.00	4.000	Global			
1263		4.000	36.00	4.000	Global			
1264		6.000	36.00	4.000	Global			
1265		8.000	36.00	4.000	Global			
1266		10.00	36.00	4.000	Global			
1267		12.00	36.00	4.000	Global			
1268		14.00	36.00	4.000	Global			
1269		16.00	36.00	4.000	Global			
1270		18.00	36.00	4.000	Global			
1271		20.00	36.00	4.000	Global			
1272		22.00	36.00	4.000	Global			
1273		24.00	36.00	4.000	Global			
1274		26.00	36.00	4.000	Global			
1275		28.00	36.00	4.000	Global			
1276		30.00	36.00	4.000	Global			
1277		32.00	36.00	4.000	Global			
1278		34.00	36.00	4.000	Global			
1279		36.00	36.00	4.000	Global			
1280		38.00	36.00	4.000	Global			
1281		40.00	36.00	4.000	Global			
1282		0.0	38.00	4.000	Global			
1283		2.000	38.00	4.000	Global			
1284		4.000	38.00	4.000	Global			
1285		6.000	38.00	4.000	Global			
1286		8.000	38.00	4.000	Global			
1287		10.00	38.00	4.000	Global			
1288		12.00	38.00	4.000	Global			
1289		14.00	38.00	4.000	Global			
1290		16.00	38.00	4.000	Global			
1291		18.00	38.00	4.000	Global			
1292		20.00	38.00	4.000	Global			
1293		22.00	38.00	4.000	Global			
1294		24.00	38.00	4.000	Global			
1295		26.00	38.00	4.000	Global			
1296		28.00	38.00	4.000	Global			
1297		30.00	38.00	4.000	Global			
1298		32.00	38.00	4.000	Global			
1299		34.00	38.00	4.000	Global			
1300		36.00	38.00	4.000	Global			
1301		38.00	38.00	4.000	Global			
1302		40.00	38.00	4.000	Global			
1303		0.0	40.00	4.000	Global			
1304		2.000	40.00	4.000	Global			
1305		4.000	40.00	4.000	Global			
1306		6.000	40.00	4.000	Global			
1307		8.000	40.00	4.000	Global			
1308		10.00	40.00	4.000	Global			
1309		12.00	40.00	4.000	Global			
1310		14.00	40.00	4.000	Global			
1311		16.00	40.00	4.000	Global			
1312		18.00	40.00	4.000	Global			
1313		20.00	40.00	4.000	Global			
1314		22.00	40.00	4.000	Global			
1315		24.00	40.00	4.000	Global			
1316		26.00	40.00	4.000	Global			
1317		28.00	40.00	4.000	Global			
1318		30.00	40.00	4.000	Global			
1319		32.00	40.00	4.000	Global			
1320		34.00	40.00	4.000	Global			
1321		36.00	40.00	4.000	Global			
1322		38.00	40.00	4.000	Global			
1323		40.00	40.00	4.000	Global			
1324		2.000	2.000	-4.000	Global	Pin		
1325		32.00	8.000	-4.000	Global	Pin		
1326		8.000	32.00	-4.000	Global	Pin		
1327		38.00	38.00	-4.000	Global	Pin		